18 0.79453125 0.3671875 0.146875 0.228125
18 0.77734375 0.175 0.13125 0.146875
18 0.66484375 0.4359375 0.0984375 0.1171875
18 0.5515625 0.2625 0.1296875 0.203125
18 0.64609375 0.21875 0.1171875 0.1921875
18 0.65859375 0.090625 0.1546875 0.178125
18 0.46171875 0.39609375 0.109375 0.1640625
18 0.3640625 0.2421875 0.1296875 0.2265625
18 0.51171875 0.5046875 0.115625 0.1609375
18 0.5953125 0.39453125 0.103125 0.1390625
18 0.690625 0.6078125 0.1265625 0.1640625
18 0.61484375 0.55234375 0.0875 0.140625
18 0.4328125 0.62890625 0.25 0.1890625
18 0.3515625 0.809375 0.303125 0.209375