18 0.3875 0.196875 0.228125 0.146875
18 0.1953125 0.20078125 0.146875 0.13125
18 0.44765625 0.33125 0.1171875 0.0984375
18 0.2671875 0.43203125 0.203125 0.1296875
18 0.2296875 0.33515625 0.1921875 0.1171875
18 0.10234375 0.31328125 0.178125 0.1546875
18 0.39375 0.53046875 0.1640625 0.109375
18 0.23359375 0.6171875 0.2265625 0.1296875
18 0.50625 0.48828125 0.1609375 0.115625
18 0.4015625 0.39765625 0.1390625 0.103125
18 0.6203125 0.3171875 0.1640625 0.1265625
18 0.56015625 0.3890625 0.140625 0.0875
18 0.62421875 0.5765625 0.1890625 0.25
18 0.7984375 0.66953125 0.209375 0.303125