18 0.57421875 0.81328125 0.2421875 0.171875
18 0.7671875 0.834375 0.1609375 0.146875
18 0.53203125 0.67421875 0.1265625 0.1109375
18 0.7234375 0.59453125 0.215625 0.153125
18 0.74921875 0.696875 0.2046875 0.1390625
18 0.871875 0.73359375 0.19375 0.1734375
18 0.6109375 0.4828125 0.175 0.1265625
18 0.77890625 0.41640625 0.2375 0.1546875
18 0.49453125 0.5109375 0.1734375 0.134375
18 0.5859375 0.6140625 0.15 0.11875
18 0.35859375 0.66484375 0.1765625 0.14375
18 0.42734375 0.6015625 0.1484375 0.103125
18 0.3859375 0.409375 0.2171875 0.26875
18 0.225 0.29375 0.2421875 0.325