18 0.6625 0.22265625 0.240625 0.16875
18 0.8515625 0.25859375 0.1578125 0.1453125
18 0.58125 0.34296875 0.1265625 0.109375
18 0.74140625 0.475 0.2140625 0.15
18 0.79453125 0.384375 0.203125 0.1359375
18 0.9140625 0.384375 0.171875 0.171875
18 0.6 0.5484375 0.1734375 0.125
18 0.7421875 0.66171875 0.2359375 0.1515625
18 0.49609375 0.4875 0.171875 0.13125
18 0.61484375 0.415625 0.1484375 0.115625
18 0.4125 0.30078125 0.175 0.140625
18 0.46015625 0.38125 0.1484375 0.1015625
18 0.36484375 0.55390625 0.2140625 0.2671875
18 0.1765625 0.6171875 0.2375 0.321875