18 0.346875 0.21640625 0.2375 0.1609375
18 0.15546875 0.24609375 0.1546875 0.140625
18 0.42421875 0.33984375 0.1234375 0.1046875
18 0.26015625 0.46640625 0.2109375 0.14375
18 0.2078125 0.37421875 0.2 0.1296875
18 0.08671875 0.3703125 0.1734375 0.165625
18 0.396875 0.5453125 0.1703125 0.11875
18 0.25234375 0.653125 0.2328125 0.14375
18 0.50234375 0.48828125 0.16875 0.1265625
18 0.3875 0.41171875 0.1453125 0.1125
18 0.59375 0.30390625 0.1703125 0.1359375
18 0.54453125 0.3828125 0.1453125 0.096875
18 0.63359375 0.55859375 0.20625 0.2609375
18 0.81875 0.628125 0.228125 0.315625