4 0.34765625 0.5171875 0.1953125 0.2984375
4 0.35546875 0.5296875 0.20625 0.284375
4 0.23515625 0.59375 0.1953125 0.2984375
4 0.790625 0.2375 0.2375 0.303125
4 0.1140625 0.72421875 0.19375 0.2859375
4 0.6140625 0.771875 0.2171875 0.3546875
4 0.4875 0.59921875 0.1734375 0.29375
4 0.89453125 0.42890625 0.2109375 0.3296875
4 0.1484375 0.16171875 0.18125 0.2609375
4 0.25234375 0.08828125 0.1734375 0.1765625
4 0.63984375 0.11640625 0.175 0.209375
4 0.409375 0.25546875 0.1890625 0.3015625
4 0.66640625 0.46640625 0.209375 0.315625
4 0.78125 0.684375 0.240625 0.359375
4 0.27578125 0.29765625 0.1875 0.284375
4 0.39609375 0.790625 0.1984375 0.303125
4 0.24609375 0.84375 0.1859375 0.271875
4 0.14921875 0.43046875 0.1890625 0.271875
4 0.93671875 0.6703125 0.1265625 0.328125
4 0.54765625 0.30859375 0.171875 0.3109375
4 0.92578125 0.15859375 0.1484375 0.2265625