4 0.64296875 0.44375 0.2 0.3015625
4 0.63203125 0.434375 0.2109375 0.2875
4 0.73203125 0.34140625 0.2 0.3015625
4 0.2875 0.82890625 0.2421875 0.3046875
4 0.81484375 0.18359375 0.1984375 0.2890625
4 0.31953125 0.26640625 0.2234375 0.3578125
4 0.4859375 0.40078125 0.178125 0.2953125
4 0.13203125 0.67265625 0.225 0.33125
4 0.91640625 0.7359375 0.1671875 0.2625
4 0.85078125 0.8515625 0.1765625 0.215625
4 0.4640625 0.9 0.178125 0.2
4 0.65078125 0.71328125 0.19375 0.303125
4 0.3484375 0.57578125 0.2140625 0.31875
4 0.18046875 0.3953125 0.246875 0.3625
4 0.76875 0.6375 0.1921875 0.2859375
4 0.52578125 0.19296875 0.2015625 0.30625
4 0.65625 0.11953125 0.190625 0.2390625
4 0.85703125 0.4765625 0.19375 0.275
4 0.04921875 0.44765625 0.0984375 0.3296875
4 0.503125 0.69765625 0.1765625 0.3125
4 0.14921875 0.91640625 0.2078125 0.1671875