4 0.4640625 0.35078125 0.28046875 0.16328125
4 0.453125 0.36015625 0.26484375 0.17421875
4 0.375 0.2484375 0.28125 0.16328125
4 0.79609375 0.75625 0.2796875 0.2046875
4 0.23046875 0.14453125 0.26875 0.16171875
4 0.24375 0.64609375 0.3359375 0.17890625
4 0.4 0.5 0.27890625 0.14140625
4 0.61953125 0.88828125 0.30859375 0.18359375
4 0.79296875 0.11015625 0.24296875 0.15390625
4 0.896875 0.2015625 0.19609375 0.15078125
4 0.89765625 0.5921875 0.1921875 0.15234375
4 0.73203125 0.38046875 0.28359375 0.15703125
4 0.55390625 0.6609375 0.296875 0.17578125
4 0.3515625 0.8015625 0.33828125 0.2015625
4 0.6734375 0.253125 0.2671875 0.15625
4 0.19921875 0.43203125 0.2859375 0.1640625
4 0.128125 0.28984375 0.2546875 0.15625
4 0.5265625 0.14296875 0.25390625 0.16015625
4 0.38359375 0.95546875 0.3203125 0.0890625
4 0.69609375 0.52421875 0.296875 0.1359375
4 0.89453125 0.909375 0.20625 0.18125