4 0.38671875 0.27734375 0.10546875 0.14765625
4 0.32578125 0.16953125 0.0859375 0.13046875
4 0.14609375 0.28046875 0.1 0.14375
4 0.28828125 0.46328125 0.09921875 0.1375
4 0.6421875 0.17890625 0.09609375 0.14453125
4 0.42890625 0.5671875 0.1 0.15234375
4 0.240625 0.19453125 0.09609375 0.140625
4 0.240625 0.33515625 0.09921875 0.1484375
4 0.56328125 0.39453125 0.09140625 0.1421875
4 0.68125 0.09609375 0.09765625 0.1328125
4 0.14140625 0.73203125 0.11015625 0.15546875
4 0.8015625 0.53984375 0.10703125 0.146875
4 0.15546875 0.41484375 0.0953125 0.128125
4 0.17734375 0.11171875 0.0828125 0.12578125
4 0.628125 0.65859375 0.10625 0.1546875
4 0.9015625 0.76796875 0.1015625 0.14921875
4 0.5234375 0.571875 0.09296875 0.14375
4 0.328125 0.63125 0.09609375 0.1359375
4 0.06015625 0.40078125 0.0984375 0.1453125
4 0.38671875 0.740625 0.1015625 0.15546875
4 0.096875 0.109375 0.08828125 0.1296875
4 0.40234375 0.42421875 0.090625 0.14765625
4 0.82421875 0.1921875 0.09921875 0.134375
4 0.93828125 0.278125 0.096875 0.1296875
4 0.74453125 0.37421875 0.0953125 0.1375
4 0.65625 0.43046875 0.09453125 0.13828125
4 0.12890625 0.5671875 0.0984375 0.13203125
4 0.80546875 0.8234375 0.09921875 0.1484375
4 0.51875 0.8078125 0.096875 0.14453125
4 0.41640625 0.0859375 0.090625 0.1453125
4 0.30234375 0.79453125 0.103125 0.14375
4 0.8203125 0.31953125 0.09609375 0.1359375
4 0.4671875 0.70078125 0.09375 0.13984375
4 0.2484375 0.715625 0.10390625 0.14375
4 0.8890625 0.0609375 0.08359375 0.12109375
4 0.0734375 0.20234375 0.08984375 0.125
4 0.37109375 0.9109375 0.10625 0.15078125
4 0.5203125 0.25390625 0.078125 0.12421875
4 0.81328125 0.0875 0.08984375 0.1140625
4 0.73359375 0.23515625 0.0921875 0.1296875
4 0.296875 0.09296875 0.0859375 0.12109375