4 0.73359375 0.4109375 0.1578125 0.1203125
4 0.846875 0.3609375 0.1390625 0.0984375
4 0.75546875 0.17109375 0.153125 0.1140625
4 0.55859375 0.29296875 0.146875 0.1140625
4 0.8046875 0.675 0.153125 0.1109375
4 0.440625 0.42265625 0.1625 0.115625
4 0.83125 0.27421875 0.15 0.1109375
4 0.69140625 0.259375 0.1578125 0.115625
4 0.5984375 0.57421875 0.1515625 0.1046875
4 0.8828125 0.72265625 0.1421875 0.1125
4 0.30703125 0.11875 0.1671875 0.125
4 0.42890625 0.79609375 0.1578125 0.1203125
4 0.6203125 0.16640625 0.1375 0.1078125
4 0.91953125 0.21953125 0.1328125 0.0953125
4 0.32890625 0.6109375 0.165625 0.121875
4 0.19140625 0.87109375 0.159375 0.1171875
4 0.42578125 0.515625 0.153125 0.1078125
4 0.3875 0.315625 0.1453125 0.1109375
4 0.64453125 0.07265625 0.1546875 0.1125
4 0.27265625 0.3625 0.165625 0.1171875
4 0.93046875 0.13984375 0.1375 0.1
4 0.5859375 0.4109375 0.15625 0.10625
4 0.771875 0.8546875 0.14375 0.1140625
4 0.67421875 0.95234375 0.1390625 0.0953125
4 0.59921875 0.75625 0.146875 0.109375
4 0.553125 0.6625 0.146875 0.1078125
4 0.471875 0.12421875 0.140625 0.1109375
4 0.14609375 0.7703125 0.1578125 0.115625
4 0.1921875 0.48671875 0.153125 0.1109375
4 0.9203125 0.46015625 0.1546875 0.1046875
4 0.228125 0.27265625 0.153125 0.1171875
4 0.64609375 0.8375 0.1453125 0.1109375
4 0.30390625 0.44609375 0.15 0.1078125
4 0.31171875 0.22734375 0.153125 0.1171875
4 0.89609375 0.9328125 0.1296875 0.096875
4 0.840625 0.10703125 0.134375 0.103125
4 0.1046875 0.32890625 0.1609375 0.121875
4 0.74296875 0.54609375 0.1328125 0.090625
4 0.87734375 0.8546875 0.1234375 0.1015625
4 0.7390625 0.76015625 0.1390625 0.1046875
4 0.92578125 0.340625 0.1296875 0.0984375