4 0.68828125 0.3359375 0.16875 0.1390625
4 0.778125 0.25078125 0.1484375 0.115625
4 0.62734375 0.103125 0.1640625 0.13125
4 0.484375 0.2859375 0.1578125 0.1296875
4 0.84609375 0.56015625 0.1625 0.128125
4 0.41796875 0.44765625 0.1734375 0.134375
4 0.73359375 0.17421875 0.159375 0.128125
4 0.596875 0.20859375 0.16875 0.1328125
4 0.61796875 0.5359375 0.159375 0.121875
4 0.9296875 0.578125 0.140625 0.128125
4 0.18828125 0.2078125 0.178125 0.14375
4 0.534375 0.80234375 0.16875 0.1390625
4 0.49921875 0.1453125 0.146875 0.1234375
4 0.7984375 0.09296875 0.140625 0.1109375
4 0.37734375 0.6625 0.1765625 0.140625
4 0.33671875 0.94375 0.1703125 0.1125
4 0.4359375 0.53984375 0.1625 0.125
4 0.33125 0.36484375 0.1546875 0.1265625
4 0.48984375 0.05703125 0.1640625 0.1140625
4 0.2390625 0.4484375 0.1765625 0.1359375
4 0.78125 0.0359375 0.146875 0.071875
4 0.55 0.38671875 0.1640625 0.1234375
4 0.87734375 0.73984375 0.1546875 0.1296875
4 0.82109375 0.871875 0.15 0.125
4 0.68125 0.70703125 0.15625 0.125
4 0.60546875 0.63515625 0.15625 0.125
4 0.3453125 0.15625 0.1515625 0.1265625
4 0.26015625 0.875 0.16875 0.1328125
4 0.20625 0.59296875 0.1625 0.128125
4 0.88125 0.31875 0.1625 0.1234375
4 0.16640625 0.3796875 0.1640625 0.134375
4 0.75234375 0.7671875 0.1546875 0.1265625
4 0.296875 0.51640625 0.159375 0.125
4 0.2296875 0.3078125 0.1640625 0.134375
4 0.975 0.77109375 0.05 0.1109375
4 0.6859375 0.03671875 0.14375 0.0734375
4 0.078125 0.47421875 0.15625 0.1390625
4 0.74375 0.46015625 0.140625 0.10625
4 0.9546875 0.703125 0.090625 0.115625
4 0.81328125 0.6625 0.1484375 0.1203125
4 0.84609375 0.2046875 0.1390625 0.1125