14 0.4765625 0.678125 0.14375 0.0859375
14 0.7453125 0.64609375 0.16875 0.1171875
14 0.6421875 0.659375 0.1671875 0.10625
14 0.29375 0.65859375 0.1046875 0.0953125
14 0.35859375 0.43984375 0.1328125 0.090625
14 0.36953125 0.64375 0.121875 0.109375
14 0.465625 0.51640625 0.11875 0.109375
14 0.4140625 0.7328125 0.1203125 0.0921875
14 0.56328125 0.73515625 0.1 0.1046875
14 0.23203125 0.30625 0.1265625 0.103125
14 0.26953125 0.496875 0.1203125 0.0859375
14 0.4390625 0.29921875 0.115625 0.0796875
14 0.696875 0.91171875 0.1609375 0.1078125
14 0.59140625 0.41640625 0.121875 0.1015625
14 0.7625 0.18046875 0.11875 0.0921875
14 0.28828125 0.24921875 0.1296875 0.090625
14 0.09375 0.521875 0.1015625 0.0953125
14 0.09140625 0.71796875 0.103125 0.0859375
14 0.17578125 0.546875 0.115625 0.1078125
14 0.46484375 0.43828125 0.1109375 0.0921875
14 0.45859375 0.83671875 0.1421875 0.1171875
14 0.34609375 0.9140625 0.1078125 0.0875
14 0.34140625 0.309375 0.1109375 0.0796875
14 0.55625 0.53828125 0.096875 0.078125
14 0.39609375 0.58203125 0.11875 0.10625
14 0.71328125 0.9703125 0.1671875 0.059375
14 0.8484375 0.2109375 0.1203125 0.0859375
14 0.321875 0.75625 0.1203125 0.09375
14 0.71171875 0.11875 0.109375 0.0984375
14 0.25859375 0.9296875 0.1 0.1046875
14 0.08828125 0.21015625 0.1265625 0.090625
14 0.06640625 0.5875 0.1234375 0.115625
14 0.2546875 0.40625 0.109375 0.0796875
14 0.16328125 0.91328125 0.1203125 0.1171875
14 0.2109375 0.61875 0.1078125 0.084375
14 0.1484375 0.66015625 0.128125 0.1015625
14 0.83046875 0.95859375 0.1265625 0.0828125
14 0.853125 0.746875 0.13125 0.1046875
14 0.8828125 0.671875 0.1140625 0.1015625
14 0.33046875 0.11328125 0.1171875 0.0953125
14 0.48046875 0.034375 0.0984375 0.06875
14 0.87265625 0.5875 0.125 0.1046875
14 0.76640625 0.33203125 0.1296875 0.121875
14 0.54921875 0.3671875 0.0890625 0.084375
14 0.6875 0.44453125 0.1078125 0.084375
14 0.50859375 0.19140625 0.121875 0.0828125
14 0.46796875 0.25234375 0.125 0.08125
14 0.8765625 0.4 0.11875 0.1046875
14 0.478125 0.128125 0.1109375 0.06875
14 0.1015625 0.30234375 0.103125 0.09375
14 0.53515625 0.0859375 0.0953125 0.08125
14 0.16796875 0.153125 0.0984375 0.0875
14 0.27578125 0.846875 0.1140625 0.103125
14 0.35625 0.82890625 0.1046875 0.090625
14 0.85390625 0.14140625 0.1140625 0.0921875
14 0.40078125 0.36484375 0.134375 0.08125
14 0.58515625 0.3015625 0.1 0.0796875
14 0.89765625 0.9328125 0.125 0.1078125