14 0.4890625 0.3203125 0.14375 0.0828125
14 0.23125 0.40390625 0.1671875 0.115625
14 0.33046875 0.3703125 0.165625 0.1046875
14 0.671875 0.30546875 0.1046875 0.09375
14 0.65 0.53203125 0.13125 0.0890625
14 0.60078125 0.334375 0.1203125 0.1078125
14 0.53125 0.4765625 0.1171875 0.1078125
14 0.53984375 0.2546875 0.11875 0.090625
14 0.39296875 0.28125 0.0984375 0.103125
14 0.8 0.6390625 0.125 0.1
14 0.72734375 0.45859375 0.11875 0.084375
14 0.59765625 0.68515625 0.115625 0.078125
14 0.228125 0.13359375 0.159375 0.1046875
14 0.4265625 0.6 0.1203125 0.1
14 0.30390625 0.8640625 0.1171875 0.0921875
14 0.75546875 0.70546875 0.128125 0.0890625
14 0.89453125 0.4015625 0.1015625 0.09375
14 0.859375 0.2078125 0.1015625 0.0828125
14 0.80859375 0.3921875 0.1140625 0.10625
14 0.54609375 0.55390625 0.109375 0.090625
14 0.4765625 0.16171875 0.140625 0.115625
14 0.571875 0.0640625 0.10625 0.0859375
14 0.69140625 0.65625 0.1109375 0.078125
14 0.4375 0.4734375 0.096875 0.0765625
14 0.5859375 0.4 0.1171875 0.1046875
14 0.196875 0.06328125 0.165625 0.090625
14 0.21328125 0.85078125 0.11875 0.0859375
14 0.62578125 0.21484375 0.11875 0.090625
14 0.365625 0.91484375 0.1078125 0.096875
14 0.65546875 0.04140625 0.0984375 0.0828125
14 0.9484375 0.70625 0.103125 0.0875
14 0.90859375 0.33203125 0.121875 0.1140625
14 0.75859375 0.54453125 0.109375 0.078125
14 0.7515625 0.04375 0.11875 0.0875
14 0.7609375 0.328125 0.10625 0.0828125
14 0.81484375 0.27578125 0.1265625 0.096875
14 0.08671875 0.103125 0.1265625 0.096875
14 0.10625 0.325 0.1296875 0.103125
14 0.09140625 0.40390625 0.1125 0.1
14 0.740625 0.84765625 0.115625 0.09375
14 0.60859375 0.9578125 0.0984375 0.0765625
14 0.1171875 0.48515625 0.1234375 0.103125
14 0.2703125 0.715625 0.128125 0.11875
14 0.47734375 0.63984375 0.0875 0.0828125
14 0.3265625 0.590625 0.10625 0.0828125
14 0.55 0.8046875 0.121875 0.08125
14 0.57890625 0.73671875 0.125 0.078125
14 0.14921875 0.6703125 0.1171875 0.103125
14 0.59296875 0.86015625 0.1109375 0.0671875
14 0.92890625 0.61796875 0.1015625 0.0921875
14 0.54453125 0.91328125 0.09375 0.0796875
14 0.8921875 0.77734375 0.096875 0.0859375
14 0.65390625 0.11640625 0.1125 0.1015625
14 0.578125 0.15 0.103125 0.0890625
14 0.2203125 0.91953125 0.1125 0.090625
14 0.62265625 0.6140625 0.134375 0.0796875
14 0.45390625 0.7109375 0.1 0.078125
14 0.04453125 0.15 0.0890625 0.10625