13 0.13125 0.62734375 0.1921875 0.16875
13 0.309375 0.653125 0.203125 0.1609375
13 0.275 0.3265625 0.1875 0.1453125
13 0.39453125 0.77421875 0.2109375 0.171875
13 0.6703125 0.49296875 0.1890625 0.1453125
13 0.671875 0.50703125 0.1703125 0.128125
13 0.64453125 0.92734375 0.1921875 0.1453125
13 0.10859375 0.309375 0.178125 0.140625
13 0.203125 0.22109375 0.1828125 0.1453125
13 0.5625 0.07890625 0.203125 0.1578125
13 0.44453125 0.35703125 0.184375 0.1421875
13 0.3875 0.06328125 0.1875 0.1265625
13 0.50859375 0.47890625 0.165625 0.1203125
13 0.81875 0.94296875 0.2 0.1140625
13 0.88125 0.334375 0.196875 0.1609375
13 0.73125 0.10234375 0.1765625 0.1546875
13 0.34375 0.45078125 0.1875 0.140625
13 0.6046875 0.39140625 0.178125 0.140625
13 0.66015625 0.71484375 0.1953125 0.1546875
13 0.66875 0.7140625 0.1984375 0.15625
13 0.77265625 0.4171875 0.1875 0.15
13 0.49921875 0.68046875 0.2 0.1609375
13 0.56875 0.803125 0.1984375 0.165625
13 0.753125 0.61953125 0.2015625 0.159375
13 0.746875 0.83671875 0.2 0.16875
13 0.8484375 0.7375 0.20625 0.1640625
13 0.58828125 0.58359375 0.1921875 0.15625
13 0.41484375 0.56484375 0.1953125 0.15625
13 0.5390625 0.27578125 0.1890625 0.1484375
13 0.6390625 0.18671875 0.196875 0.1671875
13 0.7109375 0.30859375 0.1828125 0.146875
13 0.89375 0.1265625 0.1875 0.146875
13 0.29140625 0.87578125 0.1984375 0.16875
13 0.21484375 0.74921875 0.1984375 0.15625
13 0.909375 0.64296875 0.15625 0.1453125
13 0.23828125 0.53828125 0.1984375 0.1546875
13 0.465625 0.90625 0.2078125 0.1765625
13 0.9234375 0.45625 0.153125 0.146875
13 0.29921875 0.13515625 0.1859375 0.1515625
13 0.3703125 0.24765625 0.190625 0.15
13 0.46328125 0.15703125 0.19375 0.1703125
13 0.8046875 0.20859375 0.1765625 0.1609375
13 0.11953125 0.8453125 0.196875 0.1609375