13 0.19296875 0.740625 0.1859375 0.1609375
13 0.36953125 0.70703125 0.196875 0.1515625
13 0.23046875 0.409375 0.1828125 0.1375
13 0.4890625 0.79375 0.2046875 0.1640625
13 0.65859375 0.43828125 0.184375 0.1375
13 0.66484375 0.45078125 0.1671875 0.1203125
13 0.77890625 0.86328125 0.1859375 0.15
13 0.07734375 0.44609375 0.1546875 0.1328125
13 0.12890625 0.3328125 0.178125 0.1375
13 0.421875 0.078125 0.1984375 0.15625
13 0.40078125 0.3828125 0.1796875 0.134375
13 0.246875 0.10703125 0.1828125 0.153125
13 0.5015625 0.4765625 0.1609375 0.1140625
13 0.928125 0.83671875 0.14375 0.1546875
13 0.80703125 0.21953125 0.190625 0.153125
13 0.58828125 0.06171875 0.1703125 0.1234375
13 0.33671875 0.50390625 0.1828125 0.1328125
13 0.56328125 0.36328125 0.1734375 0.1328125
13 0.721875 0.65078125 0.190625 0.146875
13 0.72890625 0.64765625 0.19375 0.1484375
13 0.73046875 0.3328125 0.1828125 0.1421875
13 0.5578125 0.67109375 0.19375 0.153125
13 0.66328125 0.7640625 0.19375 0.1578125
13 0.778125 0.53046875 0.1953125 0.1515625
13 0.84296875 0.73828125 0.19375 0.1609375
13 0.903125 0.6109375 0.19375 0.15625
13 0.61015625 0.55078125 0.1875 0.1484375
13 0.440625 0.5890625 0.190625 0.1484375
13 0.4640625 0.27578125 0.184375 0.140625
13 0.52890625 0.15859375 0.190625 0.159375
13 0.63671875 0.25078125 0.178125 0.140625
13 0.75078125 0.04375 0.1828125 0.0875
13 0.42421875 0.92109375 0.1921875 0.1578125
13 0.31171875 0.82890625 0.19375 0.1484375
13 0.92890625 0.50234375 0.1421875 0.1390625
13 0.265625 0.62109375 0.19375 0.146875
13 0.6 0.8953125 0.203125 0.16875
13 0.89765625 0.3171875 0.171875 0.1390625
13 0.19140625 0.2203125 0.18125 0.14375
13 0.29609375 0.30390625 0.1875 0.1421875
13 0.35390625 0.1875 0.1875 0.1625
13 0.69375 0.125 0.1703125 0.1546875
13 0.2515625 0.93671875 0.190625 0.1265625