16 0.74375 0.45390625 0.171875 0.1125
16 0.6453125 0.35546875 0.128125 0.096875
16 0.56328125 0.28515625 0.15 0.1015625
16 0.56171875 0.43671875 0.1734375 0.13125
16 0.5421875 0.55390625 0.1859375 0.125
16 0.3734375 0.44140625 0.2265625 0.1546875
16 0.35234375 0.296875 0.215625 0.1359375
16 0.38671875 0.1875 0.1796875 0.121875
16 0.48359375 0.1171875 0.1625 0.1125
16 0.34609375 0.06328125 0.153125 0.0890625
16 0.2359375 0.11328125 0.2 0.1125
16 0.19609375 0.21328125 0.2171875 0.1359375
16 0.16015625 0.34609375 0.2015625 0.140625
16 0.15625 0.459375 0.190625 0.1375
16 0.16953125 0.58125 0.2140625 0.13125
16 0.18828125 0.69453125 0.2046875 0.1296875
16 0.178125 0.80859375 0.2171875 0.1515625
16 0.29765625 0.89296875 0.184375 0.0984375
16 0.39140625 0.809375 0.2078125 0.14375
16 0.38828125 0.69140625 0.1875 0.115625
16 0.36484375 0.59140625 0.2171875 0.140625
16 0.50546875 0.6359375 0.15625 0.0921875
16 0.6125 0.6921875 0.1625 0.115625
16 0.5265625 0.77890625 0.15625 0.09375
16 0.6140625 0.8140625 0.1171875 0.0828125
16 0.7546875 0.68125 0.1546875 0.0953125
16 0.82421875 0.54453125 0.109375 0.078125
16 0.7765625 0.61015625 0.153125 0.0765625
16 0.74296875 0.30546875 0.1171875 0.0859375
16 0.6140625 0.1984375 0.1640625 0.075