16 0.2625 0.57109375 0.175 0.1171875
16 0.37109375 0.65859375 0.13125 0.1
16 0.46015625 0.7203125 0.153125 0.10625
16 0.4453125 0.56953125 0.1765625 0.1359375
16 0.45234375 0.45078125 0.1890625 0.13125
16 0.63203125 0.54453125 0.23125 0.1625
16 0.66796875 0.68671875 0.21875 0.1421875
16 0.6453125 0.79921875 0.1828125 0.128125
16 0.55625 0.87890625 0.165625 0.1171875
16 0.6984375 0.91875 0.15625 0.0953125
16 0.803125 0.85703125 0.203125 0.1203125
16 0.8328125 0.753125 0.2203125 0.1421875
16 0.8546875 0.61796875 0.20625 0.1484375
16 0.846875 0.5046875 0.1953125 0.14375
16 0.8203125 0.384375 0.2171875 0.1375
16 0.78984375 0.2734375 0.2078125 0.1359375
16 0.78828125 0.159375 0.221875 0.1578125
16 0.66015625 0.0875 0.1875 0.1046875
16 0.57578125 0.18046875 0.2125 0.1515625
16 0.590625 0.29765625 0.1921875 0.121875
16 0.625 0.3953125 0.221875 0.146875
16 0.48046875 0.36484375 0.159375 0.0984375
16 0.36796875 0.3203125 0.1671875 0.1203125
16 0.44453125 0.225 0.159375 0.1
16 0.35390625 0.19921875 0.11875 0.0859375
16 0.22734375 0.346875 0.1578125 0.1015625
16 0.17265625 0.48984375 0.1109375 0.0828125
16 0.21328125 0.41875 0.1546875 0.0828125
16 0.27890625 0.71875 0.11875 0.0890625
16 0.41875 0.81171875 0.1671875 0.0796875