1 0.21171875 0.6703125 0.2265625 0.640625
1 0.20546875 0.32109375 0.209375 0.6375
1 0.38359375 0.38046875 0.165625 0.6625
1 0.465625 0.63125 0.221875 0.690625
1 0.09765625 0.30390625 0.1828125 0.6078125
1 0.728125 0.5109375 0.203125 0.68125
1 0.6296875 0.33125 0.1375 0.5453125
1 0.57265625 0.80703125 0.146875 0.3765625
1 0.88359375 0.190625 0.1578125 0.36875
1 0.89296875 0.78125 0.1578125 0.4375
1 0.725 0.83359375 0.175 0.3328125
1 0.2953125 0.8171875 0.125 0.3578125
1 0.86171875 0.5140625 0.1546875 0.6390625
1 0.3546875 0.1359375 0.21875 0.271875
1 0.5734375 0.16015625 0.140625 0.3109375