16 0.46328125 0.41875 0.1359375 0.178125
16 0.56796875 0.3515625 0.1734375 0.23125
16 0.68046875 0.38203125 0.1875 0.2625
16 0.63359375 0.18046875 0.1890625 0.2546875
16 0.521875 0.1640625 0.1671875 0.1859375
16 0.40625 0.15859375 0.15625 0.1953125
16 0.31484375 0.17890625 0.1484375 0.19375
16 0.36640625 0.56171875 0.15625 0.2015625
16 0.46171875 0.60703125 0.1625 0.215625
16 0.58125 0.61953125 0.175 0.2
16 0.70625 0.5796875 0.1625 0.2109375
16 0.71875 0.77890625 0.209375 0.2703125
16 0.628125 0.86875 0.19375 0.25
16 0.5015625 0.85546875 0.1796875 0.228125
16 0.43828125 0.73828125 0.140625 0.1765625
16 0.640625 0.05546875 0.153125 0.1109375
16 0.5171875 0.05625 0.153125 0.1125
16 0.30703125 0.41640625 0.1 0.1296875
16 0.321875 0.31484375 0.1078125 0.1265625
16 0.3890625 0.8265625 0.125 0.1703125