16 0.475 0.41484375 0.115625 0.16875
16 0.5875 0.3625 0.1484375 0.21875
16 0.6953125 0.4078125 0.1578125 0.25
16 0.6765625 0.20234375 0.1609375 0.240625
16 0.56796875 0.17109375 0.1484375 0.1703125
16 0.4546875 0.14921875 0.1359375 0.1828125
16 0.3609375 0.15625 0.1265625 0.1828125
16 0.359375 0.5421875 0.134375 0.190625
16 0.446875 0.60078125 0.1390625 0.203125
16 0.5640625 0.6296875 0.1546875 0.1859375
16 0.69296875 0.6078125 0.1390625 0.1984375
16 0.67734375 0.80625 0.1796875 0.2546875
16 0.575 0.8828125 0.165625 0.234375
16 0.45234375 0.85234375 0.1546875 0.2140625
16 0.40625 0.72734375 0.121875 0.1671875
16 0.70390625 0.0640625 0.1359375 0.128125
16 0.58203125 0.05625 0.1390625 0.1125
16 0.3203125 0.38984375 0.0859375 0.1234375
16 0.34921875 0.2921875 0.0953125 0.1171875
16 0.34453125 0.8078125 0.10625 0.1625