1 0.24140625 0.69140625 0.3015625 0.6171875
1 0.18125 0.36953125 0.284375 0.65625
1 0.36640625 0.40078125 0.2453125 0.675
1 0.48671875 0.63515625 0.303125 0.709375
1 0.1 0.3671875 0.2 0.625
1 0.7265625 0.475 0.2828125 0.6984375
1 0.6015625 0.31328125 0.203125 0.55625
1 0.61953125 0.79140625 0.190625 0.3890625
1 0.83046875 0.1625 0.2015625 0.325
1 0.9140625 0.71875 0.171875 0.45625
1 0.775 0.796875 0.2140625 0.3546875
1 0.34765625 0.83046875 0.1671875 0.3390625
1 0.859375 0.45703125 0.23125 0.65
1 0.29921875 0.16171875 0.25 0.2984375
1 0.51875 0.15703125 0.178125 0.3140625