15 0.43125 0.71875 0.1703125 0.1359375
15 0.6078125 0.71796875 0.1796875 0.15625
15 0.2890625 0.27421875 0.1984375 0.1671875
15 0.10703125 0.315625 0.2140625 0.2125
15 0.6421875 0.20859375 0.215625 0.1703125
15 0.7359375 0.0671875 0.146875 0.134375
15 0.7234375 0.28984375 0.23125 0.1375
15 0.65078125 0.2078125 0.20625 0.1625
15 0.428125 0.72265625 0.1609375 0.140625
15 0.46796875 0.87421875 0.2015625 0.1828125
15 0.14375 0.74375 0.246875 0.1921875
15 0.45625 0.13046875 0.1859375 0.159375
15 0.859375 0.53125 0.2375 0.309375
15 0.475 0.640625 0.178125 0.209375
15 0.53828125 0.49140625 0.2125 0.20625