22 0.73125 0.25078125 0.1375 0.1875
22 0.8609375 0.32421875 0.15 0.2046875
22 0.82421875 0.728125 0.146875 0.1921875
22 0.33203125 0.48984375 0.134375 0.1734375
22 0.428125 0.425 0.1453125 0.165625
22 0.39296875 0.2609375 0.14375 0.19375
22 0.54921875 0.60859375 0.1421875 0.2046875
22 0.5625 0.45234375 0.1390625 0.1625
22 0.4375 0.575 0.121875 0.1671875
22 0.56953125 0.3046875 0.13125 0.165625
22 0.06484375 0.61328125 0.1296875 0.184375
22 0.11328125 0.459375 0.1390625 0.1765625
22 0.19765625 0.91328125 0.13125 0.1546875
22 0.1375 0.7609375 0.1296875 0.1875
22 0.17109375 0.58828125 0.1203125 0.178125
22 0.240625 0.74921875 0.115625 0.1640625
22 0.32734375 0.859375 0.1328125 0.1796875