14 0.69375 0.9078125 0.1703125 0.11875
14 0.653125 0.64609375 0.134375 0.0953125
14 0.76171875 0.84765625 0.15 0.096875
14 0.7421875 0.9546875 0.14375 0.090625
14 0.5421875 0.86484375 0.14375 0.0953125
14 0.39296875 0.51015625 0.1359375 0.1015625
14 0.68671875 0.58828125 0.134375 0.084375
14 0.63515625 0.7140625 0.109375 0.0875
14 0.47265625 0.475 0.1140625 0.0859375
14 0.56171875 0.65546875 0.1453125 0.1015625
14 0.40859375 0.8484375 0.159375 0.1015625
14 0.9 0.4875 0.15625 0.1
14 0.71953125 0.71015625 0.084375 0.0796875
14 0.37109375 0.4390625 0.1203125 0.0890625
14 0.48671875 0.59375 0.1109375 0.0796875
14 0.6828125 0.75546875 0.11875 0.078125
14 0.28125 0.50234375 0.1265625 0.0859375
14 0.57421875 0.56640625 0.1171875 0.08125
14 0.5875 0.509375 0.1046875 0.08125
14 0.95859375 0.4484375 0.0828125 0.078125
14 0.52578125 0.91328125 0.134375 0.08125
14 0.63671875 0.95390625 0.121875 0.0859375
14 0.84765625 0.96953125 0.0984375 0.0609375
14 0.27109375 0.4359375 0.1328125 0.0890625
14 0.5984375 0.44296875 0.1203125 0.06875
14 0.9625 0.40234375 0.075 0.0765625
14 0.321875 0.55703125 0.1125 0.065625