15 0.86953125 0.3375 0.0625 0.071875
15 0.78359375 0.39296875 0.078125 0.090625
15 0.54921875 0.4765625 0.0734375 0.0875
15 0.3078125 0.434375 0.059375 0.071875
15 0.1734375 0.6078125 0.0625 0.0859375
15 0.79609375 0.69375 0.08125 0.0828125
15 0.60546875 0.36953125 0.065625 0.0609375
15 0.6953125 0.51171875 0.075 0.08125
15 0.51015625 0.77734375 0.0859375 0.096875
15 0.4140625 0.43515625 0.046875 0.0640625
15 0.34296875 0.559375 0.071875 0.090625
15 0.56015625 0.55390625 0.065625 0.0703125
15 0.47109375 0.63125 0.084375 0.096875