15 0.8484375 0.5265625 0.196875 0.171875
15 0.7828125 0.2703125 0.1703125 0.1765625
15 0.740625 0.08515625 0.153125 0.1703125
15 0.64140625 0.2421875 0.16875 0.2015625
15 0.31796875 0.23828125 0.1484375 0.1890625
15 0.3109375 0.628125 0.1671875 0.184375
15 0.55 0.628125 0.20625 0.2390625
15 0.640625 0.79296875 0.215625 0.2265625
15 0.72265625 0.6265625 0.203125 0.2203125
15 0.10390625 0.4078125 0.1984375 0.2234375
15 0.2 0.28515625 0.1734375 0.1953125
15 0.43828125 0.2828125 0.2125 0.2390625
15 0.4453125 0.4484375 0.19375 0.2140625