22 0.76484375 0.71328125 0.19375 0.1484375
22 0.7 0.84765625 0.2109375 0.1609375
22 0.29453125 0.8390625 0.1984375 0.159375
22 0.4984375 0.33125 0.178125 0.14375
22 0.5703125 0.42265625 0.171875 0.153125
22 0.73125 0.3765625 0.1984375 0.153125
22 0.3953125 0.55703125 0.209375 0.153125
22 0.5515625 0.55859375 0.16875 0.146875
22 0.4203125 0.4421875 0.171875 0.13125
22 0.7 0.55546875 0.171875 0.1390625
22 0.35703125 0.0734375 0.1890625 0.1390625
22 0.51328125 0.11171875 0.18125 0.1484375
22 0.07265625 0.22734375 0.1453125 0.1390625
22 0.21484375 0.15625 0.190625 0.140625
22 0.3890625 0.178125 0.18125 0.13125
22 0.2328125 0.259375 0.1671875 0.125
22 0.12890625 0.35234375 0.184375 0.1421875