15 0.8015625 0.6765625 0.190625 0.1625
15 0.8546875 0.41796875 0.1625 0.16875
15 0.90234375 0.22578125 0.14375 0.18125
15 0.73984375 0.33046875 0.159375 0.196875
15 0.4515625 0.18515625 0.1390625 0.1828125
15 0.27421875 0.5328125 0.159375 0.178125
15 0.48828125 0.63671875 0.1953125 0.23125
15 0.4984375 0.825 0.20625 0.2171875
15 0.64453125 0.7109375 0.19375 0.2109375
15 0.184375 0.24375 0.1875 0.2171875
15 0.32421875 0.175 0.165625 0.1890625
15 0.53984375 0.278125 0.2015625 0.23125
15 0.4734375 0.4296875 0.1828125 0.20625