10 0.08828125 0.50234375 0.1765625 0.5859375
10 0.22578125 0.4796875 0.2171875 0.625
10 0.284246340625 0.19060421875 0.26667595624999996 0.1561742578125 0.24524314375 0.1466900109375 0.2200644109375 0.1557101796875 0.21128313593749998 0.1801879 0.2144543453125 0.277275378125 0.2875634375 0.59394565 0.32739590937499996 0.738695215625 0.3413349234375 0.7643419437500001 0.357848890625 0.7733581953125 0.37869524062500004 0.7733562359375 0.3921623421875 0.762229109375 0.399069678125 0.7365804234375 0.376335678125 0.5894869640625 0.324201196875 0.39145153593750004 0.284246340625 0.19060421875
10 0.3279275296875 0.1644836203125 0.3134059703125 0.1710433875 0.2936179953125 0.21730540468749998 0.30111962812500004 0.2845283234375 0.40550901875 0.7158505828124999 0.420502490625 0.7460646703125 0.4354940046875 0.7554324078125 0.4609077140625 0.754375990625 0.47355533593750004 0.7466452578125 0.4826861375 0.702843640625 0.46428843750000004 0.588424671875 0.378176321875 0.23626998124999998 0.35451416562500004 0.1823996140625 0.3279275296875 0.1644836203125
10 0.44574484999999997 0.1677517515625 0.4300503640625 0.1553391078125 0.4107264671875 0.15498958125 0.39878181874999996 0.16576522031250002 0.393748421875 0.19258487500000002 0.397265240625 0.22865575625 0.480458753125 0.6793038703125001 0.498732109375 0.7167787375 0.5133721375 0.7246240234375 0.532696034375 0.72497355 0.5465146234375 0.7153688765624999 0.559160284375 0.68679179375 0.5486117875 0.599425496875 0.5081889359375 0.40349702499999995 0.4583963890625 0.20171371875 0.44574484999999997 0.1677517515625
10 0.520112040625 0.163411534375 0.5050040171875 0.160485096875 0.4893114890625 0.1689188015625 0.48404311718750004 0.187774703125 0.5030253203124999 0.29083352812499996 0.5073674968749999 0.3860470671875 0.5193199796875 0.45865682812499997 0.5532995734374999 0.6336224390625 0.5749732390625 0.7136094875000001 0.598398459375 0.738669753125 0.62990198125 0.7362073921875 0.6410271484375001 0.7288281453125001 0.65250184375 0.702125 0.6472256359374999 0.6375955015625 0.5831406296874999 0.3877966640625 0.5458811531250001 0.20557027187500002 0.520112040625 0.163411534375
10 0.6312570015625 0.2002921046875 0.5950598171875 0.1060184734375 0.5841676671875 0.10051512343749999 0.55910544375 0.1030939921875 0.546809309375 0.1123471796875 0.5428323296875 0.16458054375 0.5833736484375 0.37491406562499996 0.651326959375 0.6623062390625 0.6622210671875 0.6886559390625 0.6786185265625 0.7041134890625 0.6978259140625 0.710904315625 0.7115279921875 0.7077409421875 0.72698554375 0.691343484375 0.7334248828125001 0.6706136421875 0.7249853015625 0.5923820656250001 0.6312570015625 0.2002921046875
10 0.694726165625 0.1279094875 0.6735244125000001 0.08469629375 0.6511536515625 0.0642033875 0.630542278125 0.0721690984375 0.622463975 0.099691725 0.636408865625 0.187877503125 0.695695453125 0.472459746875 0.7465424578125 0.6788104140625 0.7611844453125001 0.7075020484375 0.7809782953125 0.7237790796875 0.822319509375 0.722252709375 0.8366060921875 0.7077291906250001 0.841874465625 0.6888732890625 0.8323804265625 0.6060743515625 0.7711112250000001 0.4101478390625 0.694726165625 0.1279094875
10 0.7918136453125 0.1247382796875 0.7701419375 0.06559757968749999 0.7531580171875001 0.040653825 0.740391928125 0.0339795078125 0.7143937140625 0.046396068750000005 0.7031520375 0.060216615625000004 0.7215497375 0.17463558437499999 0.7639630359375 0.3652937234375 0.8382391796875 0.6383973546874999 0.8524131703125001 0.6720078359375 0.8695136 0.6905102921874999 0.891414409375 0.69507569375 0.9112063015625 0.690506375 0.9275998421875 0.664271225 0.9308758078125001 0.62983930625 0.9234946015625001 0.5978677875 0.7918136453125 0.1247382796875
10 1 0.576696578125 0.926162559375 0.32463981249999996 0.8822268062499999 0.134333159375 0.8539972921875 0.08151725 0.8331509421875 0.081519209375 0.8105491203125 0.0947552515625 0.80200478125 0.1480430734375 0.8364504109374999 0.29724348906250003 0.9320467750000001 0.6279653671875 0.954301028125 0.6548995703125 0.98498506875 0.6558336031249999 1 0.631804690625 1 0.576696578125
10 0.24600095624999999 0.7334327171874999 0.1637109328125 0.425617153125 0.143368996875 0.3097227265625 0.09826815312500001 0.1838290625 0.06441877812499999 0.14834660156249999 0.043108350000000004 0.19496010625 0.04417064375 0.282912865625 0.052841284375 0.3274154953125 0.06900572499999999 0.35575564375 0.087223228125 0.42077240937499993 0.13297618125 0.6328421296875 0.15792972968750002 0.720089959375 0.188033184375 0.7740768359375 0.20911451093750003 0.7820386296875 0.2262129828125 0.7796947359375 0.24448046250000002 0.7546305546875 0.24600095624999999 0.7334327171874999