14 0.5375 0.471875 0.2328125 0.2953125
14 0.28984375 0.2265625 0.2671875 0.453125
14 0.8328125 0.3609375 0.253125 0.425
14 0.37421875 0.4734375 0.2625 0.3859375
14 0.16171875 0.45078125 0.26875 0.3625
14 0.50625 0.77578125 0.259375 0.4484375
14 0.665625 0.1625 0.178125 0.2828125
14 0.50390625 0.1734375 0.2640625 0.346875
14 0.3421875 0.73984375 0.275 0.44375
14 0.14921875 0.1703125 0.2203125 0.3125
14 0.884375 0.65 0.221875 0.271875
14 0.67578125 0.65234375 0.284375 0.3078125
14 0.721875 0.91484375 0.3125 0.1703125
14 0.10546875 0.8140625 0.2109375 0.2375