15 0.43515625 0.71953125 0.171875 0.1390625
15 0.61171875 0.71640625 0.18125 0.1578125
15 0.28515625 0.27734375 0.2 0.1703125
15 0.10625 0.3234375 0.2125 0.215625
15 0.63671875 0.20625 0.2171875 0.1734375
15 0.72734375 0.065625 0.1484375 0.13125
15 0.7203125 0.2859375 0.2328125 0.140625
15 0.6453125 0.2046875 0.2078125 0.165625
15 0.43203125 0.7234375 0.1625 0.14375
15 0.475 0.875 0.2046875 0.1859375
15 0.14765625 0.74921875 0.2484375 0.1953125
15 0.44921875 0.13125 0.1875 0.1625
15 0.86015625 0.525 0.2421875 0.3125
15 0.47734375 0.64140625 0.18125 0.2125
15 0.53828125 0.490625 0.215625 0.209375