15 0.54140625 0.54453125 0.134375 0.10625
15 0.78359375 0.4515625 0.1671875 0.121875
15 0.703125 0.36875 0.190625 0.1609375
15 0.74375 0.653125 0.1859375 0.140625
15 0.5375 0.82890625 0.1328125 0.103125
15 0.74921875 0.55 0.18125 0.1484375
15 0.584375 0.7078125 0.14375 0.1078125
15 0.56484375 0.6203125 0.1109375 0.1078125
15 0.4484375 0.49765625 0.1703125 0.1484375
15 0.20234375 0.459375 0.159375 0.134375
15 0.14375 0.69609375 0.16875 0.1234375
15 0.146875 0.7859375 0.1484375 0.115625
15 0.45390625 0.61796875 0.1359375 0.1203125
15 0.37421875 0.759375 0.128125 0.1125
15 0.2078125 0.2859375 0.1625 0.1421875
15 0.3109375 0.315625 0.1578125 0.134375
15 0.3484375 0.5703125 0.175 0.15625
15 0.29765625 0.896875 0.18125 0.140625