10 0.0859375 0.4953125 0.171875 0.5875
10 0.2265625 0.475 0.2078125 0.6265625
10 0.2896789015625 0.186885921875 0.2727120796875 0.1521545578125 0.25144805468750003 0.1422977015625 0.2261157328125 0.1508770671875 0.2169086 0.1751978046875 0.218384915625 0.2723258421875 0.285956215625 0.5902238125 0.323256390625 0.7356465046875 0.3367456859375 0.7615325953125 0.3530997828125 0.7708356828125 0.3739429921875 0.7711975421874999 0.3876022375 0.76030714375 0.394956153125 0.7347829140625 0.37479275 0.5873150953125 0.32612240312499996 0.38839995625 0.2896789015625 0.186885921875
10 0.33380930625 0.1615316421875 0.31917547343749997 0.16783697343749998 0.2985831296875 0.2137465984375 0.30491041874999997 0.2810902 0.4017562984375 0.7141686125 0.416220178125 0.7446397703125001 0.43104591875000003 0.75426771875 0.4564741953125 0.75365499375 0.469254809375 0.74614616875 0.479148665625 0.702510578125 0.4627506546875 0.5877879515625 0.3827975984375 0.2341840328125 0.360079215625 0.17990890937499998 0.33380930625 0.1615316421875
10 0.45155164531249997 0.166855471875 0.4360761796875 0.1541708125 0.4167613265625 0.1534840890625 0.40463043593750003 0.164049625 0.39912973906250004 0.19077735 0.4020164984375 0.226904115625 0.4773324453125 0.6789355203125 0.4949489921875 0.71672359375 0.509449871875 0.7248231875 0.528764725 0.725509909375 0.5427488328125001 0.7161478671875 0.5558913078125001 0.6877958328125 0.54686916875 0.6002587453125 0.5098718984375 0.40365463906250004 0.46360853906250005 0.20103306562499998 0.45155164531249997 0.166855471875
10 0.52598325625 0.163813803125 0.51092860625 0.16062413749999999 0.49509128125 0.1687826875 0.4894946296875 0.1875437703125 0.5066753171875 0.290918184375 0.5093551265625 0.386193003125 0.520038575 0.4590003046875 0.550959421875 0.63453229375 0.5712338203125 0.7148854171875 0.5942181109375 0.7403506921874999 0.6257598093750001 0.73843851875 0.63701206875 0.73125455625 0.64895105 0.7047557390625 0.644801840625 0.6401439875 0.5850861859375 0.38926475625 0.5510126718749999 0.2064158515625 0.52598325625 0.163813803125
10 0.636467634375 0.202628503125 0.6019212640625 0.1077375 0.5911268203125 0.10204489531250001 0.56602340625 0.104185975 0.5535676546875 0.11322315624999998 0.5486796828125 0.16537915625 0.585544 0.3763881875 0.6484712781249999 0.6649225390625 0.6589038609375 0.6914583546874999 0.67502905 0.707199725 0.6941149953125 0.7143247328125 0.707870196875 0.711400975 0.7236115671875 0.6952757859375 0.7304117125 0.674661484375 0.7233387453125 0.5962945296875 0.636467634375 0.202628503125
10 0.7011903828125 0.1313646 0.6807460328125 0.0877879640625 0.6587363296875 0.06690775624999999 0.637989075 0.0745125359375 0.6294316656250001 0.101889984375 0.6418353781249999 0.190305703125 0.696146290625 0.4758792984375 0.7433842359375 0.6830859390625 0.7575232546875 0.712028740625 0.7770300171875 0.72864874375 0.8183915734375 0.727844109375 0.8329294515625 0.7135721390625 0.838526103125 0.6948110546875 0.8304785499999999 0.611859034375 0.7726380703125 0.4148930671875 0.7011903828125 0.1313646
10 0.7983184203125 0.129888284375 0.7776821609375 0.07037836875 0.76113615625 0.0451420015625 0.7484884953125001 0.038245901562500004 0.722277540625 0.050206840625000006 0.7107963749999999 0.0638290890625 0.7271943859375 0.1785517140625 0.7662737828124999 0.3699210296875 0.835772296875 0.6442793640625 0.8493575453125001 0.6781320953125001 0.866132459375 0.696930178125 0.8879502546875001 0.70187710625 0.9078188781250001 0.6976538999999999 0.9246677875 0.671708853125 0.9285441750000001 0.63733935 0.9217220718749999 0.6052438828125 0.7983184203125 0.129888284375
10 1 0.5905726453125 0.9291581109375 0.33210408281250003 0.8885503578125 0.14105962968750002 0.8612469078125 0.0877590921875 0.8404036984375001 0.08739723125 0.81757431875 0.1002368015625 0.8081012796874999 0.1533673875 0.8399377578125 0.3031462390625 0.9297476687499999 0.6354861328125 0.9515284656249999 0.6628046249999999 0.9821915328124999 0.664274025 1 0.6368513890624999 1 0.5905726453125
10 0.2419656796875 0.7289642703125 0.1650603109375 0.419759428125 0.146744109375 0.3035276375 0.1038472828125 0.17686602812500002 0.0706223171875 0.14079821875 0.0485016171875 0.18703270624999999 0.0480287609375 0.274990609375 0.055921404687499995 0.319637784375 0.071588778125 0.348255725 0.0886688078125 0.41358052812499996 0.130713665625 0.6264164484375 0.1541407296875 0.7140864890625 0.183297396875 0.7685905203125001 0.2042365609375 0.7769190218750001 0.2213733359375 0.7748738953125 0.24007546406250002 0.7501323421875 0.2419656796875 0.7289642703125