15 0.5953125 0.8921875 0.078125 0.06875
15 0.55625 0.7984375 0.096875 0.0859375
15 0.51484375 0.55234375 0.09375 0.08125
15 0.5984375 0.321875 0.078125 0.065625
15 0.45078125 0.159375 0.0921875 0.0703125
15 0.2578125 0.7578125 0.0890625 0.0890625
15 0.61015625 0.6265625 0.0671875 0.071875
15 0.4546875 0.68984375 0.0875 0.0828125
15 0.225 0.4625 0.1046875 0.0953125
15 0.57890625 0.4265625 0.06875 0.053125
15 0.46875 0.334375 0.096875 0.0796875
15 0.4359375 0.55 0.0765625 0.071875
15 0.37578125 0.4484375 0.1046875 0.09375