14 0.7421875 0.88125 0.1640625 0.1015625
14 0.6703125 0.6265625 0.128125 0.0828125
14 0.80234375 0.81328125 0.14375 0.08125
14 0.796875 0.9328125 0.1359375 0.0984375
14 0.58671875 0.85703125 0.1375 0.08125
14 0.3953125 0.52265625 0.128125 0.0890625
14 0.69609375 0.56484375 0.1296875 0.0703125
14 0.66015625 0.69609375 0.103125 0.0765625
14 0.46953125 0.47890625 0.1078125 0.075
14 0.58046875 0.646875 0.1390625 0.0859375
14 0.4515625 0.85703125 0.153125 0.084375
14 0.89609375 0.4390625 0.15 0.084375
14 0.74375 0.68203125 0.0765625 0.071875
14 0.3640625 0.45546875 0.1140625 0.0765625
14 0.49765625 0.59453125 0.10625 0.06875
14 0.7125 0.73125 0.1140625 0.065625
14 0.28359375 0.52890625 0.1203125 0.0734375
14 0.58203125 0.55625 0.1125 0.06875
14 0.58828125 0.4984375 0.0984375 0.0703125
14 0.95546875 0.39140625 0.0890625 0.0671875
14 0.57578125 0.90703125 0.1296875 0.0671875
14 0.69140625 0.93359375 0.115625 0.0734375
14 0.90390625 0.93203125 0.0921875 0.0671875
14 0.26484375 0.46484375 0.1265625 0.0765625
14 0.590625 0.43125 0.115625 0.05625
14 0.95625 0.34453125 0.0875 0.0640625
14 0.3296875 0.578125 0.109375 0.053125