22 0.15390625 0.6640625 0.1921875 0.1890625
22 0.3640625 0.79375 0.1859375 0.1765625
22 0.65 0.67578125 0.2 0.215625
22 0.80390625 0.62421875 0.196875 0.2015625
22 0.48359375 0.6984375 0.184375 0.1796875
22 0.30546875 0.6453125 0.1609375 0.184375
22 0.66328125 0.375 0.153125 0.15
22 0.53203125 0.41640625 0.1640625 0.171875
22 0.365625 0.44765625 0.18125 0.1796875
22 0.08203125 0.51328125 0.1640625 0.1796875
22 0.21328125 0.45859375 0.1578125 0.1703125
22 0.54140625 0.24765625 0.1875 0.18125
22 0.38359375 0.271875 0.1828125 0.1875
22 0.11328125 0.2296875 0.159375 0.1390625
22 0.2328125 0.27109375 0.153125 0.1609375