14 0.540625 0.52421875 0.2875 0.2171875
14 0.69609375 0.19453125 0.49375 0.2375
14 0.753125 0.75625 0.41875 0.2296875
14 0.47734375 0.3734375 0.378125 0.240625
14 0.41875 0.16796875 0.353125 0.2484375
14 0.2390625 0.61171875 0.4578125 0.23125
14 0.86796875 0.52578125 0.2640625 0.1609375
14 0.815625 0.37734375 0.3640625 0.24375
14 0.21796875 0.44375 0.4359375 0.25
14 0.67421875 0.0765625 0.3046875 0.153125
14 0.5046875 0.90390625 0.2625 0.1921875
14 0.425 0.7203125 0.2953125 0.26875
14 0.1578125 0.8625 0.240625 0.275
14 0.0765625 0.20859375 0.153125 0.2953125