20 0.2703125 0.34375 0.1578125 0.2515625
20 0.19140625 0.134375 0.1578125 0.2578125
20 0.396875 0.48046875 0.153125 0.221875
20 0.7 0.2765625 0.1703125 0.259375
20 0.28046875 0.65625 0.1609375 0.2609375
20 0.540625 0.39609375 0.1703125 0.271875
20 0.11328125 0.30546875 0.1578125 0.2578125
20 0.6640625 0.51171875 0.1671875 0.246875
20 0.82421875 0.4875 0.153125 0.2546875
20 0.5265625 0.17109375 0.159375 0.225
20 0.403125 0.70859375 0.1765625 0.290625
20 0.11875 0.66640625 0.1765625 0.2625
20 0.725 0.7828125 0.196875 0.33125
20 0.86015625 0.2453125 0.1640625 0.26875