20 0.42734375 0.46796875 0.25625 0.2515625
20 0.25 0.60078125 0.3453125 0.1953125
20 0.5890625 0.81171875 0.31875 0.196875
20 0.8234375 0.60390625 0.2890625 0.1875
20 0.59765625 0.37265625 0.2046875 0.2046875
20 0.7625 0.2515625 0.25625 0.2203125
20 0.2234375 0.32421875 0.228125 0.1984375
20 0.5921875 0.2078125 0.2453125 0.24375
20 0.3484375 0.8875 0.3265625 0.21875
20 0.79296875 0.875 0.2453125 0.2359375
20 0.86953125 0.38515625 0.2609375 0.1859375
20 0.4375 0.0890625 0.2078125 0.153125
20 0.10546875 0.85625 0.2109375 0.2125
20 0.13984375 0.7125 0.1921875 0.1421875