20 0.69140625 0.6546875 0.16875 0.14375
20 0.3515625 0.06328125 0.1671875 0.1078125
20 0.36015625 0.15625 0.2046875 0.10625
20 0.18984375 0.153125 0.1359375 0.1046875
20 0.22734375 0.23515625 0.13125 0.1265625
20 0.5234375 0.08359375 0.159375 0.140625
20 0.19921875 0.40234375 0.203125 0.1375
20 0.19140625 0.65859375 0.1390625 0.1
20 0.3234375 0.6265625 0.1171875 0.121875
20 0.5140625 0.3515625 0.1375 0.084375
20 0.65546875 0.38203125 0.1359375 0.1015625
20 0.81953125 0.53125 0.1421875 0.1140625
20 0.796875 0.4234375 0.1421875 0.1078125
20 0.78359375 0.74296875 0.1875 0.0921875
20 0.834375 0.65546875 0.109375 0.115625
20 0.7953125 0.8296875 0.2234375 0.115625
20 0.72265625 0.05859375 0.2328125 0.1171875
20 0.16015625 0.7875 0.15625 0.1296875
20 0.18046875 0.53046875 0.165625 0.1109375
20 0.478125 0.4640625 0.1671875 0.1015625
20 0.43203125 0.8875 0.125 0.115625
20 0.45546875 0.67265625 0.1640625 0.14375
20 0.62421875 0.546875 0.1453125 0.1078125
20 0.73828125 0.23125 0.1765625 0.109375
20 0.359375 0.3 0.1 0.1109375
20 0.5203125 0.7875 0.215625 0.1203125
20 0.5515625 0.95078125 0.159375 0.0921875
20 0.31953125 0.7703125 0.1546875 0.109375
20 0.2390625 0.87265625 0.14375 0.0921875
20 0.32109375 0.95078125 0.1359375 0.0984375
20 0.54921875 0.2296875 0.175 0.1234375
20 0.13984375 0.3015625 0.1296875 0.10625
20 0.33203125 0.51640625 0.146875 0.0953125