20 0.36484375 0.31328125 0.1921875 0.3359375
20 0.14453125 0.29921875 0.1640625 0.303125
20 0.48359375 0.39375 0.196875 0.290625
20 0.55546875 0.2125 0.2046875 0.2921875
20 0.5953125 0.78125 0.1953125 0.303125
20 0.80625 0.78203125 0.18125 0.265625
20 0.08671875 0.61171875 0.1734375 0.3390625
20 0.79609375 0.2875 0.165625 0.2546875
20 0.78046875 0.5046875 0.15 0.2578125
20 0.6328125 0.44453125 0.1515625 0.2421875
20 0.90546875 0.52265625 0.1890625 0.3359375
20 0.43203125 0.703125 0.175 0.2671875
20 0.928125 0.8390625 0.14375 0.2375
20 0.3265625 0.903125 0.159375 0.19375