20 0.4765625 0.58671875 0.1984375 0.190625
20 0.634375 0.14375 0.1890625 0.240625
20 0.10625 0.34140625 0.1765625 0.18125
20 0.1234375 0.6265625 0.1703125 0.1796875
20 0.26171875 0.6578125 0.1828125 0.196875
20 0.59921875 0.78359375 0.178125 0.16875
20 0.83828125 0.56875 0.1703125 0.19375
20 0.7421875 0.3703125 0.2390625 0.221875
20 0.7796875 0.06953125 0.221875 0.1390625
20 0.265625 0.26484375 0.190625 0.2171875
20 0.30390625 0.82890625 0.1484375 0.15625
20 0.44765625 0.87421875 0.1828125 0.196875
20 0.15703125 0.7796875 0.1625 0.1640625
20 0.2015625 0.46484375 0.2265625 0.2015625
20 0.74375 0.8390625 0.1734375 0.1859375
20 0.7109375 0.68515625 0.1625 0.1703125
20 0.62421875 0.51015625 0.16875 0.16875
20 0.89296875 0.86875 0.1671875 0.16875
20 0.4375 0.4078125 0.1953125 0.2046875
20 0.75703125 0.2171875 0.184375 0.1734375
20 0.87734375 0.7265625 0.1640625 0.1546875
20 0.415625 0.71875 0.16875 0.1734375