20 0.5234375 0.41328125 0.1984375 0.190625
20 0.365625 0.85625 0.1890625 0.240625
20 0.89375 0.65859375 0.1765625 0.18125
20 0.8765625 0.3734375 0.1703125 0.1796875
20 0.73828125 0.3421875 0.1828125 0.196875
20 0.40078125 0.21640625 0.178125 0.16875
20 0.16171875 0.43125 0.1703125 0.19375
20 0.2578125 0.6296875 0.2390625 0.221875
20 0.21875 0.9296875 0.221875 0.140625
20 0.734375 0.73515625 0.190625 0.2171875
20 0.69609375 0.17109375 0.1484375 0.15625
20 0.55234375 0.12578125 0.1828125 0.196875
20 0.84296875 0.2203125 0.1625 0.1640625
20 0.7984375 0.53515625 0.2265625 0.2015625
20 0.25625 0.1609375 0.1734375 0.184375
20 0.2890625 0.31484375 0.1625 0.1703125
20 0.37578125 0.48984375 0.16875 0.16875
20 0.10703125 0.13125 0.1671875 0.16875
20 0.5625 0.5921875 0.1953125 0.2046875
20 0.24296875 0.7828125 0.184375 0.175
20 0.12265625 0.2734375 0.1640625 0.1546875
20 0.584375 0.28125 0.16875 0.1734375