20 0.33125 0.65703125 0.3484375 0.228125
20 0.34453125 0.87734375 0.3140625 0.1984375
20 0.396875 0.5296875 0.30625 0.2265625
20 0.2078125 0.48046875 0.3078125 0.234375
20 0.76796875 0.37109375 0.3171875 0.2265625
20 0.74296875 0.16171875 0.278125 0.2078125
20 0.6609375 0.8953125 0.35 0.209375
20 0.253125 0.23203125 0.265625 0.190625
20 0.4703125 0.22109375 0.2671875 0.1765625
20 0.42890625 0.37421875 0.253125 0.1765625
20 0.471875 0.10234375 0.35 0.2046875
20 0.709375 0.54296875 0.2796875 0.203125
20 0.78359375 0.0578125 0.2484375 0.115625
20 0.90859375 0.621875 0.1828125 0.18125