20 0.6171875 0.4015625 0.1375 0.1828125
20 0.44765625 0.60859375 0.1484375 0.2328125
20 0.5640625 0.78515625 0.10625 0.2484375
20 0.79765625 0.63828125 0.103125 0.2453125
20 0.69296875 0.178125 0.1296875 0.275
20 0.90703125 0.46875 0.125 0.221875
20 0.171875 0.39921875 0.103125 0.3046875
20 0.33984375 0.56328125 0.115625 0.2515625
20 0.19921875 0.1578125 0.1578125 0.1703125
20 0.1875 0.890625 0.15 0.1859375
20 0.071875 0.74140625 0.11875 0.2484375
20 0.58046875 0.578125 0.121875 0.1765625
20 0.91171875 0.85234375 0.125 0.2625
20 0.83828125 0.29609375 0.1109375 0.20625
20 0.95 0.25546875 0.1 0.2203125