20 0.6484375 0.265625 0.25625 0.165625
20 0.8546875 0.17890625 0.2625 0.165625
20 0.515625 0.39609375 0.2265625 0.1609375
20 0.7296875 0.6921875 0.2640625 0.178125
20 0.3359375 0.28671875 0.265625 0.16875
20 0.60546875 0.53671875 0.2765625 0.1796875
20 0.68125 0.10625 0.2625 0.165625
20 0.49375 0.66484375 0.2515625 0.175
20 0.52421875 0.8234375 0.259375 0.1609375
20 0.8296875 0.51484375 0.2296875 0.1671875
20 0.28828125 0.41015625 0.296875 0.1859375
20 0.32109375 0.12421875 0.26875 0.1859375
20 0.225 0.73515625 0.3375 0.2078125
20 0.7671875 0.8515625 0.2734375 0.1734375