20 0.41484375 0.62734375 0.1640625 0.2015625
20 0.52109375 0.38125 0.184375 0.2515625
20 0.36015625 0.24375 0.146875 0.2578125
20 0.17578125 0.44921875 0.1421875 0.2546875
20 0.40234375 0.859375 0.1734375 0.28125
20 0.1171875 0.6421875 0.159375 0.2359375
20 0.84296875 0.50625 0.153125 0.3140625
20 0.6359375 0.39453125 0.15625 0.2640625
20 0.8828125 0.74609375 0.1828125 0.1921875
20 0.69140625 0.0703125 0.1765625 0.140625
20 0.8453125 0.15 0.1578125 0.2609375
20 0.4015625 0.44765625 0.1484375 0.190625
20 0.0453125 0.275 0.090625 0.275
20 0.23046875 0.7890625 0.1421875 0.21875
20 0.13203125 0.86015625 0.140625 0.23125