20 0.70625 0.365625 0.1640625 0.1828125
20 0.05078125 0.50546875 0.1015625 0.1765625
20 0.1296875 0.5265625 0.13125 0.2140625
20 0.07421875 0.68828125 0.1203125 0.1453125
20 0.1640625 0.67734375 0.140625 0.1453125
20 0.11171875 0.34921875 0.1578125 0.1734375
20 0.3140625 0.75625 0.1609375 0.215625
20 0.55546875 0.8421875 0.115625 0.1484375
20 0.56640625 0.70703125 0.134375 0.1296875
20 0.36328125 0.440625 0.1015625 0.14375
20 0.4359375 0.315625 0.1171875 0.1453125
20 0.62890625 0.20546875 0.13125 0.1546875
20 0.51875 0.19375 0.125 0.153125
20 0.81875 0.3046875 0.115625 0.19375
20 0.7515625 0.23046875 0.128125 0.121875
20 0.9046875 0.32109375 0.1421875 0.23125
20 0.14375 0.15 0.15625 0.2421875
20 0.66875 0.91171875 0.146875 0.16875
20 0.4296875 0.81328125 0.1296875 0.175
20 0.459375 0.51015625 0.121875 0.1765625
20 0.84765625 0.684375 0.1296875 0.1359375
20 0.65 0.5953125 0.1625 0.178125
20 0.58359375 0.396875 0.125 0.15625
20 0.31796875 0.18984375 0.13125 0.1859375
20 0.26640625 0.571875 0.1203125 0.1109375
20 0.7796875 0.56953125 0.146875 0.225
20 0.94375 0.58984375 0.1125 0.1671875
20 0.7015625 0.7546875 0.128125 0.165625
20 0.7734375 0.86328125 0.109375 0.1515625
20 0.8765625 0.8109375 0.1203125 0.1453125
20 0.25859375 0.36953125 0.14375 0.1859375
20 0.2 0.78125 0.1203125 0.140625
20 0.46328125 0.66484375 0.1125 0.15625