20 0.57734375 0.515625 0.25 0.24375
20 0.7234375 0.34921875 0.340625 0.184375
20 0.34765625 0.2140625 0.3140625 0.1859375
20 0.16171875 0.465625 0.284375 0.1796875
20 0.43125 0.64453125 0.1984375 0.2
20 0.29453125 0.79765625 0.25 0.2140625
20 0.80703125 0.6140625 0.221875 0.1921875
20 0.47109375 0.80546875 0.2390625 0.2375
20 0.56796875 0.096875 0.3203125 0.19375
20 0.13515625 0.19375 0.2390625 0.2296875
20 0.15625 0.6890625 0.265625 0.178125
20 0.64609375 0.8890625 0.2046875 0.146875
20 0.8125 0.0859375 0.20625 0.171875
20 0.8078125 0.2171875 0.1875 0.1375